1  1399.31	2.243628e+00	1.195193e-01	1.041566e+00	6.672656e-02	2.002553e-04	1.124726e+00	2.189412e-09	4.851035e+01	3.322885e-02	2.865970e+00	2.914397e+02	4.368244e+01	2.777753e+01	1.137613e+02	2.794116e+00	8.251246e+00	1.038626e+01	1.770811e+01	9.297271e+01	1.296097e-01	1.360432e-01	3.310900e-01	2.173672e-01	7.514010e-01	2.342242e+00	9.994848e+02	9.990219e+02	1.003128e+00	
2  1512.51	2.243628e+00	1.195193e-01	1.041566e+00	6.672656e-02	2.002553e-04	1.124726e+00	2.189412e-09	4.851035e+01	3.322885e-02	2.865970e+00	2.914397e+02	4.368244e+01	2.777753e+01	1.137613e+02	2.794116e+00	8.251246e+00	1.038626e+01	1.770811e+01	9.297271e+01	1.296097e-01	1.360432e-01	3.310900e-01	2.173672e-01	7.514010e-01	2.342242e+00	9.994848e+02	9.990219e+02	1.003128e+00	
1  1504.62	2.244225e+00	1.194932e-01	1.041558e+00	6.706877e-02	1.994587e-04	1.126347e+00	2.191535e-09	4.864177e+01	3.380048e-02	2.878116e+00	2.902373e+02	4.352577e+01	2.759935e+01	1.134436e+02	2.887523e+00	8.257815e+00	1.032840e+01	1.755126e+01	9.265120e+01	1.306886e-01	1.364001e-01	3.291761e-01	2.169815e-01	7.510359e-01	2.343221e+00	9.994933e+02	9.990090e+02	1.003102e+00	
4  1503.22	2.244219e+00	1.194747e-01	1.041556e+00	6.716940e-02	1.990035e-04	1.126492e+00	2.191977e-09	4.868346e+01	3.352609e-02	2.887056e+00	2.900092e+02	4.352182e+01	2.757569e+01	1.133645e+02	2.901320e+00	8.258272e+00	1.031260e+01	1.752294e+01	9.257647e+01	1.308511e-01	1.362718e-01	3.285712e-01	2.163650e-01	7.502899e-01	2.342285e+00	9.994965e+02	9.990027e+02	1.003076e+00	
1  1503.42	2.244219e+00	1.194747e-01	1.041556e+00	6.716940e-02	1.990035e-04	1.126492e+00	2.191977e-09	4.868399e+01	3.364225e-02	2.886265e+00	2.900771e+02	4.353536e+01	2.757740e+01	1.133623e+02	2.899448e+00	8.253845e+00	1.031233e+01	1.752907e+01	9.258354e+01	1.308187e-01	1.361309e-01	3.286721e-01	2.162224e-01	7.500437e-01	2.341857e+00	9.995016e+02	9.990007e+02	1.003067e+00	
1  1503.39	2.244219e+00	1.194747e-01	1.041556e+00	6.716940e-02	1.990035e-04	1.126492e+00	2.191977e-09	4.868082e+01	3.402169e-02	2.885058e+00	2.901384e+02	4.355717e+01	2.759099e+01	1.133709e+02	2.896886e+00	8.253634e+00	1.031502e+01	1.753562e+01	9.259403e+01	1.307895e-01	1.360905e-01	3.286024e-01	2.161268e-01	7.499233e-01	2.341410e+00	9.995091e+02	9.990039e+02	1.003068e+00	
1  1503.39	2.244219e+00	1.194747e-01	1.041556e+00	6.716940e-02	1.990035e-04	1.126492e+00	2.191977e-09	4.868169e+01	3.419895e-02	2.883004e+00	2.901479e+02	4.354836e+01	2.758500e+01	1.133667e+02	2.898156e+00	8.251658e+00	1.031510e+01	1.753478e+01	9.259164e+01	1.307970e-01	1.360922e-01	3.288292e-01	2.162453e-01	7.500580e-01	2.341802e+00	9.995056e+02	9.990095e+02	1.003067e+00	
1  1503.44	2.244219e+00	1.194747e-01	1.041556e+00	6.716940e-02	1.990035e-04	1.126492e+00	2.191977e-09	4.867656e+01	3.413150e-02	2.883504e+00	2.901654e+02	4.355164e+01	2.758595e+01	1.133739e+02	2.896011e+00	8.249828e+00	1.031573e+01	1.753913e+01	9.260257e+01	1.307500e-01	1.360496e-01	3.288599e-01	2.162223e-01	7.500108e-01	2.341701e+00	9.995072e+02	9.990068e+02	1.003065e+00	
1  1503.23	2.244219e+00	1.194747e-01	1.041556e+00	6.716940e-02	1.990035e-04	1.126492e+00	2.191977e-09	4.866829e+01	3.405305e-02	2.883472e+00	2.901325e+02	4.353997e+01	2.758779e+01	1.133871e+02	2.894993e+00	8.250502e+00	1.031688e+01	1.753816e+01	9.260702e+01	1.308252e-01	1.361264e-01	3.289574e-01	2.164119e-01	7.503113e-01	2.342092e+00	9.995038e+02	9.990116e+02	1.003072e+00	
1  1503.32	2.244219e+00	1.194747e-01	1.041556e+00	6.716940e-02	1.990035e-04	1.126492e+00	2.191977e-09	4.867372e+01	3.353965e-02	2.886109e+00	2.901219e+02	4.353144e+01	2.757656e+01	1.133753e+02	2.895232e+00	8.245021e+00	1.031307e+01	1.753690e+01	9.260205e+01	1.308365e-01	1.360012e-01	3.290532e-01	2.162286e-01	7.501078e-01	2.341862e+00	9.995027e+02	9.990081e+02	1.003069e+00	
1  1503.36	2.244219e+00	1.194747e-01	1.041556e+00	6.716940e-02	1.990035e-04	1.126492e+00	2.191977e-09	4.866814e+01	3.325744e-02	2.887360e+00	2.901560e+02	4.353266e+01	2.757795e+01	1.133842e+02	2.892196e+00	8.243883e+00	1.031494e+01	1.754440e+01	9.261733e+01	1.307799e-01	1.359499e-01	3.291741e-01	2.162229e-01	7.500803e-01	2.341962e+00	9.994982e+02	9.990078e+02	1.003068e+00	
1  1503.76	2.244219e+00	1.194747e-01	1.041556e+00	6.716940e-02	1.990035e-04	1.126492e+00	2.191977e-09	4.866469e+01	3.288534e-02	2.890318e+00	2.902649e+02	4.357964e+01	2.761049e+01	1.134104e+02	2.880458e+00	8.246520e+00	1.031782e+01	1.755806e+01	9.264113e+01	1.306490e-01	1.358483e-01	3.288150e-01	2.158631e-01	7.495678e-01	2.340502e+00	9.994991e+02	9.990080e+02	1.003055e+00	
1  1503.82	2.244219e+00	1.194747e-01	1.041556e+00	6.716940e-02	1.990035e-04	1.126492e+00	2.191977e-09	4.867174e+01	3.244300e-02	2.892037e+00	2.903122e+02	4.359866e+01	2.761929e+01	1.134118e+02	2.875785e+00	8.247018e+00	1.031811e+01	1.756118e+01	9.264274e+01	1.305928e-01	1.358046e-01	3.285637e-01	2.155945e-01	7.492618e-01	2.339571e+00	9.994991e+02	9.990129e+02	1.003054e+00	
1  1503.92	2.244219e+00	1.194747e-01	1.041556e+00	6.716940e-02	1.990035e-04	1.126492e+00	2.191977e-09	4.867160e+01	3.245841e-02	2.892177e+00	2.903135e+02	4.359924e+01	2.761881e+01	1.134112e+02	2.874677e+00	8.244285e+00	1.031692e+01	1.756151e+01	9.264303e+01	1.306122e-01	1.357525e-01	3.286269e-01	2.155785e-01	7.492225e-01	2.339453e+00	9.994941e+02	9.990115e+02	1.003051e+00	
1  1503.8	2.244219e+00	1.194747e-01	1.041556e+00	6.716940e-02	1.990035e-04	1.126492e+00	2.191977e-09	4.866965e+01	3.290054e-02	2.890155e+00	2.902961e+02	4.359204e+01	2.761608e+01	1.134065e+02	2.878500e+00	8.245030e+00	1.031803e+01	1.756027e+01	9.264027e+01	1.307017e-01	1.357884e-01	3.287324e-01	2.156698e-01	7.494409e-01	2.339985e+00	9.994997e+02	9.990058e+02	1.003054e+00	
1  1503.93	2.244219e+00	1.194747e-01	1.041556e+00	6.716940e-02	1.990035e-04	1.126492e+00	2.191977e-09	4.866303e+01	3.277288e-02	2.891081e+00	2.903225e+02	4.360722e+01	2.762457e+01	1.134205e+02	2.875498e+00	8.247964e+00	1.031995e+01	1.756589e+01	9.265338e+01	1.306310e-01	1.357897e-01	3.285203e-01	2.156185e-01	7.493112e-01	2.339567e+00	9.994988e+02	9.990043e+02	1.003050e+00	
2  1504.09	2.244219e+00	1.194747e-01	1.041556e+00	6.716940e-02	1.990035e-04	1.126492e+00	2.191977e-09	4.866637e+01	3.274962e-02	2.891657e+00	2.903174e+02	4.361541e+01	2.762717e+01	1.134171e+02	2.875443e+00	8.248019e+00	1.031840e+01	1.756458e+01	9.264921e+01	1.306531e-01	1.357627e-01	3.284021e-01	2.155136e-01	7.492016e-01	2.339262e+00	9.994960e+02	9.990025e+02	1.003045e+00	
1  1503.89	2.244219e+00	1.194747e-01	1.041556e+00	6.716940e-02	1.990035e-04	1.126492e+00	2.191977e-09	4.866958e+01	3.289219e-02	2.889014e+00	2.903079e+02	4.360355e+01	2.761835e+01	1.134104e+02	2.877465e+00	8.245348e+00	1.031782e+01	1.755961e+01	9.263935e+01	1.307420e-01	1.357974e-01	3.284957e-01	2.155586e-01	7.494056e-01	2.339416e+00	9.995007e+02	9.990060e+02	1.003051e+00	
1  1504	2.244219e+00	1.194747e-01	1.041556e+00	6.716940e-02	1.990035e-04	1.126492e+00	2.191977e-09	4.867375e+01	3.268492e-02	2.889179e+00	2.902781e+02	4.358941e+01	2.760123e+01	1.133940e+02	2.881851e+00	8.242191e+00	1.031465e+01	1.755667e+01	9.263222e+01	1.307885e-01	1.357362e-01	3.286499e-01	2.155575e-01	7.494107e-01	2.339654e+00	9.995023e+02	9.989983e+02	1.003047e+00	
1  1503.84	2.244219e+00	1.194747e-01	1.041556e+00	6.716940e-02	1.990035e-04	1.126492e+00	2.191977e-09	4.867288e+01	3.252816e-02	2.889975e+00	2.902327e+02	4.357253e+01	2.759114e+01	1.133898e+02	2.884993e+00	8.241250e+00	1.031395e+01	1.755369e+01	9.262894e+01	1.308212e-01	1.357694e-01	3.287499e-01	2.156348e-01	7.495702e-01	2.340123e+00	9.994972e+02	9.990015e+02	1.003053e+00	
1  1503.69	2.244219e+00	1.194747e-01	1.041556e+00	6.716940e-02	1.990035e-04	1.126492e+00	2.191977e-09	4.867857e+01	3.274788e-02	2.887177e+00	2.901702e+02	4.354234e+01	2.757331e+01	1.133738e+02	2.890769e+00	8.239013e+00	1.031190e+01	1.754186e+01	9.260855e+01	1.309242e-01	1.358556e-01	3.289179e-01	2.158575e-01	7.499152e-01	2.340856e+00	9.994896e+02	9.990055e+02	1.003058e+00	
2  1503.45	2.244219e+00	1.194747e-01	1.041556e+00	6.716940e-02	1.990035e-04	1.126492e+00	2.191977e-09	4.867430e+01	3.287799e-02	2.886333e+00	2.901396e+02	4.352607e+01	2.756224e+01	1.133697e+02	2.895409e+00	8.237917e+00	1.031150e+01	1.753998e+01	9.260969e+01	1.309459e-01	1.358737e-01	3.290610e-01	2.160040e-01	7.500912e-01	2.341427e+00	9.994879e+02	9.990045e+02	1.003067e+00	
1  1503.25	2.244219e+00	1.194747e-01	1.041556e+00	6.716940e-02	1.990035e-04	1.126492e+00	2.191977e-09	4.867624e+01	3.286730e-02	2.885124e+00	2.901280e+02	4.351609e+01	2.755776e+01	1.133682e+02	2.894970e+00	8.234427e+00	1.030968e+01	1.753523e+01	9.260075e+01	1.310177e-01	1.358636e-01	3.292343e-01	2.160549e-01	7.502357e-01	2.341604e+00	9.994864e+02	9.990007e+02	1.003073e+00	
1  1502.93	2.244770e+00	1.194502e-01	1.041546e+00	6.724034e-02	1.985061e-04	1.126334e+00	2.192148e-09	4.870824e+01	3.232373e-02	2.895703e+00	2.900650e+02	4.354649e+01	2.756361e+01	1.133234e+02	2.893996e+00	8.233589e+00	1.029941e+01	1.752915e+01	9.256328e+01	1.310110e-01	1.355887e-01	3.287715e-01	2.152205e-01	7.492027e-01	2.339974e+00	9.994893e+02	9.989942e+02	1.003040e+00	
30  1468.34	2.243858e+00	1.194900e-01	1.041557e+00	6.698852e-02	1.994731e-04	1.125709e+00	2.190896e-09	4.860616e+01	3.266330e-02	2.877522e+00	2.907353e+02	4.358952e+01	2.764551e+01	1.135328e+02	2.848665e+00	8.231284e+00	1.033997e+01	1.761413e+01	9.276616e+01	1.304822e-01	1.357267e-01	3.302544e-01	2.163698e-01	7.505698e-01	2.341358e+00	9.994817e+02	9.990081e+02	1.003091e+00	
4  1467.32	2.243075e+00	1.195053e-01	1.041547e+00	6.676458e-02	2.000268e-04	1.124702e+00	2.189539e-09	4.851992e+01	3.235798e-02	2.868773e+00	2.915008e+02	4.368532e+01	2.775740e+01	1.137379e+02	2.789796e+00	8.227222e+00	1.037755e+01	1.771378e+01	9.297296e+01	1.298017e-01	1.355295e-01	3.315099e-01	2.166986e-01	7.509059e-01	2.340906e+00	9.994761e+02	9.990169e+02	1.003111e+00	
1  1467.15	2.243075e+00	1.195053e-01	1.041547e+00	6.676458e-02	2.000268e-04	1.124702e+00	2.189539e-09	4.851925e+01	3.299722e-02	2.865129e+00	2.914691e+02	4.366427e+01	2.774700e+01	1.137264e+02	2.795925e+00	8.225300e+00	1.037834e+01	1.771041e+01	9.296599e+01	1.299339e-01	1.355818e-01	3.318640e-01	2.169238e-01	7.513184e-01	2.341875e+00	9.994746e+02	9.990150e+02	1.003118e+00	
1  1467.27	2.243075e+00	1.195053e-01	1.041547e+00	6.676458e-02	2.000268e-04	1.124702e+00	2.189539e-09	4.851302e+01	3.303450e-02	2.867089e+00	2.914859e+02	4.367799e+01	2.775412e+01	1.137324e+02	2.794754e+00	8.227563e+00	1.038050e+01	1.771942e+01	9.298266e+01	1.298418e-01	1.355423e-01	3.318198e-01	2.168880e-01	7.511260e-01	2.341767e+00	9.994756e+02	9.990144e+02	1.003113e+00	
1  1467.19	2.243075e+00	1.195053e-01	1.041547e+00	6.676458e-02	2.000268e-04	1.124702e+00	2.189539e-09	4.851409e+01	3.316180e-02	2.865684e+00	2.914530e+02	4.366737e+01	2.774394e+01	1.137239e+02	2.798370e+00	8.226981e+00	1.037840e+01	1.771373e+01	9.297406e+01	1.298903e-01	1.355620e-01	3.318350e-01	2.170324e-01	7.512098e-01	2.341990e+00	9.994784e+02	9.990136e+02	1.003116e+00	
1  1466.92	2.243075e+00	1.195053e-01	1.041547e+00	6.676458e-02	2.000268e-04	1.124702e+00	2.189539e-09	4.850123e+01	3.341325e-02	2.864001e+00	2.914429e+02	4.366388e+01	2.775451e+01	1.137461e+02	2.797215e+00	8.231105e+00	1.038284e+01	1.771589e+01	9.298732e+01	1.299079e-01	1.357009e-01	3.318801e-01	2.172865e-01	7.515763e-01	2.342392e+00	9.994763e+02	9.990220e+02	1.003128e+00	
1  1466.71	2.243075e+00	1.195053e-01	1.041547e+00	6.676458e-02	2.000268e-04	1.124702e+00	2.189539e-09	4.849351e+01	3.356710e-02	2.863298e+00	2.913985e+02	4.365743e+01	2.775517e+01	1.137559e+02	2.799471e+00	8.236342e+00	1.038482e+01	1.771337e+01	9.298944e+01	1.299119e-01	1.358366e-01	3.317472e-01	2.174466e-01	7.518060e-01	2.342770e+00	9.994752e+02	9.990225e+02	1.003138e+00	
1  1466.73	2.243075e+00	1.195053e-01	1.041547e+00	6.676458e-02	2.000268e-04	1.124702e+00	2.189539e-09	4.850270e+01	3.314205e-02	2.865165e+00	2.913276e+02	4.364034e+01	2.774272e+01	1.137418e+02	2.801909e+00	8.235388e+00	1.038003e+01	1.770285e+01	9.296924e+01	1.299535e-01	1.358486e-01	3.316787e-01	2.173970e-01	7.518019e-01	2.342821e+00	9.994780e+02	9.990193e+02	1.003137e+00	
1  1466.71	2.243075e+00	1.195053e-01	1.041547e+00	6.676458e-02	2.000268e-04	1.124702e+00	2.189539e-09	4.850910e+01	3.277582e-02	2.865655e+00	2.913236e+02	4.363446e+01	2.773824e+01	1.137358e+02	2.801610e+00	8.233330e+00	1.037783e+01	1.769877e+01	9.296051e+01	1.299789e-01	1.358127e-01	3.316910e-01	2.173292e-01	7.517631e-01	2.342617e+00	9.994808e+02	9.990253e+02	1.003137e+00	
1  1466.73	2.243075e+00	1.195053e-01	1.041547e+00	6.676458e-02	2.000268e-04	1.124702e+00	2.189539e-09	4.849966e+01	3.274517e-02	2.865600e+00	2.913932e+02	4.364988e+01	2.774827e+01	1.137544e+02	2.795400e+00	8.232174e+00	1.038036e+01	1.770877e+01	9.298093e+01	1.299150e-01	1.357481e-01	3.317220e-01	2.173170e-01	7.516608e-01	2.342299e+00	9.994830e+02	9.990259e+02	1.003135e+00	
1  1466.6	2.243075e+00	1.195053e-01	1.041547e+00	6.676458e-02	2.000268e-04	1.124702e+00	2.189539e-09	4.850271e+01	3.272626e-02	2.864890e+00	2.913498e+02	4.363910e+01	2.773608e+01	1.137437e+02	2.799754e+00	8.231246e+00	1.037706e+01	1.770184e+01	9.296900e+01	1.299799e-01	1.357583e-01	3.317174e-01	2.173530e-01	7.517315e-01	2.342481e+00	9.994846e+02	9.990256e+02	1.003141e+00	
1  1466.57	2.243075e+00	1.195053e-01	1.041547e+00	6.676458e-02	2.000268e-04	1.124702e+00	2.189539e-09	4.850893e+01	3.268242e-02	2.865233e+00	2.913546e+02	4.364065e+01	2.773723e+01	1.137381e+02	2.799227e+00	8.230538e+00	1.037656e+01	1.770043e+01	9.296240e+01	1.299875e-01	1.357541e-01	3.317269e-01	2.172945e-01	7.516714e-01	2.342372e+00	9.994814e+02	9.990251e+02	1.003143e+00	
1  1466.72	2.243075e+00	1.195053e-01	1.041547e+00	6.676458e-02	2.000268e-04	1.124702e+00	2.189539e-09	4.850715e+01	3.241727e-02	2.867257e+00	2.913504e+02	4.364586e+01	2.773443e+01	1.137381e+02	2.799507e+00	8.232537e+00	1.037550e+01	1.770236e+01	9.296809e+01	1.298924e-01	1.357350e-01	3.315502e-01	2.172546e-01	7.514657e-01	2.342110e+00	9.994821e+02	9.990221e+02	1.003136e+00	
1  1466.91	2.243075e+00	1.195053e-01	1.041547e+00	6.676458e-02	2.000268e-04	1.124702e+00	2.189539e-09	4.850842e+01	3.191150e-02	2.870390e+00	2.913540e+02	4.364433e+01	2.772392e+01	1.137287e+02	2.801192e+00	8.231490e+00	1.037490e+01	1.770732e+01	9.297505e+01	1.298229e-01	1.356485e-01	3.315333e-01	2.170981e-01	7.512143e-01	2.342022e+00	9.994839e+02	9.990311e+02	1.003129e+00	
1  1467.06	2.243075e+00	1.195053e-01	1.041547e+00	6.676458e-02	2.000268e-04	1.124702e+00	2.189539e-09	4.850087e+01	3.208386e-02	2.870002e+00	2.914197e+02	4.365982e+01	2.772820e+01	1.137368e+02	2.796615e+00	8.227080e+00	1.037613e+01	1.771873e+01	9.299527e+01	1.297858e-01	1.355117e-01	3.316603e-01	2.170425e-01	7.510392e-01	2.341665e+00	9.994840e+02	9.990342e+02	1.003121e+00	
1  1467.17	2.243075e+00	1.195053e-01	1.041547e+00	6.676458e-02	2.000268e-04	1.124702e+00	2.189539e-09	4.851110e+01	3.191812e-02	2.871505e+00	2.913925e+02	4.365071e+01	2.771983e+01	1.137169e+02	2.801478e+00	8.229095e+00	1.037527e+01	1.771434e+01	9.298193e+01	1.297711e-01	1.355224e-01	3.316117e-01	2.169822e-01	7.509587e-01	2.341935e+00	9.994840e+02	9.990316e+02	1.003117e+00	
1  1467.42	2.243075e+00	1.195053e-01	1.041547e+00	6.676458e-02	2.000268e-04	1.124702e+00	2.189539e-09	4.851005e+01	3.213321e-02	2.870796e+00	2.914584e+02	4.366692e+01	2.772748e+01	1.137197e+02	2.799810e+00	8.228285e+00	1.037663e+01	1.772032e+01	9.298968e+01	1.297302e-01	1.354489e-01	3.316282e-01	2.168876e-01	7.507695e-01	2.341668e+00	9.994866e+02	9.990291e+02	1.003106e+00	
1  1467.43	2.243075e+00	1.195053e-01	1.041547e+00	6.676458e-02	2.000268e-04	1.124702e+00	2.189539e-09	4.850920e+01	3.227716e-02	2.870069e+00	2.914673e+02	4.366880e+01	2.773233e+01	1.137245e+02	2.798494e+00	8.228899e+00	1.037841e+01	1.772098e+01	9.299036e+01	1.297429e-01	1.354895e-01	3.316335e-01	2.169174e-01	7.508582e-01	2.341729e+00	9.994908e+02	9.990305e+02	1.003105e+00	
1  1467.43	2.243075e+00	1.195053e-01	1.041547e+00	6.676458e-02	2.000268e-04	1.124702e+00	2.189539e-09	4.850716e+01	3.237494e-02	2.868820e+00	2.914984e+02	4.366615e+01	2.773383e+01	1.137292e+02	2.796284e+00	8.225439e+00	1.038008e+01	1.772436e+01	9.299522e+01	1.297873e-01	1.354630e-01	3.318744e-01	2.169498e-01	7.510103e-01	2.341899e+00	9.994832e+02	9.990288e+02	1.003105e+00	
1  1467.27	2.243075e+00	1.195053e-01	1.041547e+00	6.676458e-02	2.000268e-04	1.124702e+00	2.189539e-09	4.849682e+01	3.234942e-02	2.868621e+00	2.914927e+02	4.366407e+01	2.773899e+01	1.137474e+02	2.793278e+00	8.226545e+00	1.038181e+01	1.772674e+01	9.300704e+01	1.297991e-01	1.355192e-01	3.318455e-01	2.170833e-01	7.511876e-01	2.342034e+00	9.994829e+02	9.990352e+02	1.003112e+00	
1  1466.97	2.243075e+00	1.195053e-01	1.041547e+00	6.676458e-02	2.000268e-04	1.124702e+00	2.189539e-09	4.849463e+01	3.256967e-02	2.866217e+00	2.914378e+02	4.365060e+01	2.773783e+01	1.137530e+02	2.795889e+00	8.230165e+00	1.038235e+01	1.771760e+01	9.299595e+01	1.298903e-01	1.356942e-01	3.317296e-01	2.172828e-01	7.515419e-01	2.342414e+00	9.994891e+02	9.990374e+02	1.003124e+00	
1  1467.08	2.243075e+00	1.195053e-01	1.041547e+00	6.676458e-02	2.000268e-04	1.124702e+00	2.189539e-09	4.849774e+01	3.281619e-02	2.865857e+00	2.914454e+02	4.364887e+01	2.773222e+01	1.137407e+02	2.798592e+00	8.227642e+00	1.038125e+01	1.771783e+01	9.299258e+01	1.299020e-01	1.356300e-01	3.318214e-01	2.172241e-01	7.514680e-01	2.342515e+00	9.994896e+02	9.990303e+02	1.003119e+00	
2  1467.03	2.243075e+00	1.195053e-01	1.041547e+00	6.676458e-02	2.000268e-04	1.124702e+00	2.189539e-09	4.850148e+01	3.289316e-02	2.865136e+00	2.914035e+02	4.362990e+01	2.772307e+01	1.137303e+02	2.803061e+00	8.228153e+00	1.038085e+01	1.771147e+01	9.298022e+01	1.299666e-01	1.356937e-01	3.319283e-01	2.173291e-01	7.516782e-01	2.343112e+00	9.994908e+02	9.990340e+02	1.003121e+00	
6  1461.42	2.242558e+00	1.194989e-01	1.041561e+00	6.674061e-02	1.998393e-04	1.124218e+00	2.189185e-09	4.849540e+01	3.236164e-02	2.870212e+00	2.916291e+02	4.368786e+01	2.776774e+01	1.137691e+02	2.781190e+00	8.226046e+00	1.038635e+01	1.774249e+01	9.302530e+01	1.297174e-01	1.354095e-01	3.320193e-01	2.167992e-01	7.509968e-01	2.341685e+00	9.994910e+02	9.990321e+02	1.003102e+00	
1  1459.57	2.242558e+00	1.194989e-01	1.041561e+00	6.674061e-02	1.998393e-04	1.124218e+00	2.189185e-09	4.849752e+01	3.246835e-02	2.868695e+00	2.916373e+02	4.369274e+01	2.777262e+01	1.137717e+02	2.779693e+00	8.226372e+00	1.038625e+01	1.773930e+01	9.301897e+01	1.297538e-01	1.354320e-01	3.319417e-01	2.168222e-01	7.510180e-01	2.341438e+00	9.994901e+02	9.990320e+02	1.003110e+00	
1  1459.58	2.242558e+00	1.194989e-01	1.041561e+00	6.674061e-02	1.998393e-04	1.124218e+00	2.189185e-09	4.849976e+01	3.212017e-02	2.869922e+00	2.916383e+02	4.369805e+01	2.777549e+01	1.137742e+02	2.778268e+00	8.227397e+00	1.038638e+01	1.773942e+01	9.301799e+01	1.297634e-01	1.354383e-01	3.318127e-01	2.166919e-01	7.509366e-01	2.341033e+00	9.994930e+02	9.990278e+02	1.003110e+00	
1  1459.52	2.242558e+00	1.194989e-01	1.041561e+00	6.674061e-02	1.998393e-04	1.124218e+00	2.189185e-09	4.848920e+01	3.260881e-02	2.868353e+00	2.916420e+02	4.369849e+01	2.778310e+01	1.137880e+02	2.777877e+00	8.228051e+00	1.038985e+01	1.774381e+01	9.302929e+01	1.297897e-01	1.354858e-01	3.320000e-01	2.168526e-01	7.511951e-01	2.341497e+00	9.994934e+02	9.990332e+02	1.003113e+00	
1  1459.63	2.242558e+00	1.194989e-01	1.041561e+00	6.674061e-02	1.998393e-04	1.124218e+00	2.189185e-09	4.849481e+01	3.232855e-02	2.869325e+00	2.916695e+02	4.370870e+01	2.778506e+01	1.137865e+02	2.774502e+00	8.225837e+00	1.038821e+01	1.774430e+01	9.302743e+01	1.297575e-01	1.354175e-01	3.318900e-01	2.166661e-01	7.509628e-01	2.340884e+00	9.994983e+02	9.990322e+02	1.003107e+00	
1  1459.6	2.242558e+00	1.194989e-01	1.041561e+00	6.674061e-02	1.998393e-04	1.124218e+00	2.189185e-09	4.849372e+01	3.239766e-02	2.868795e+00	2.916357e+02	4.370132e+01	2.779284e+01	1.137953e+02	2.773857e+00	8.229464e+00	1.039013e+01	1.774039e+01	9.302394e+01	1.297835e-01	1.355482e-01	3.319026e-01	2.168086e-01	7.512269e-01	2.341271e+00	9.994946e+02	9.990388e+02	1.003109e+00	
1  1459.6	2.242558e+00	1.194989e-01	1.041561e+00	6.674061e-02	1.998393e-04	1.124218e+00	2.189185e-09	4.849753e+01	3.267812e-02	2.867214e+00	2.916476e+02	4.370667e+01	2.779291e+01	1.137892e+02	2.774862e+00	8.228460e+00	1.038887e+01	1.773767e+01	9.301621e+01	1.298107e-01	1.355181e-01	3.318442e-01	2.167561e-01	7.511608e-01	2.341055e+00	9.994942e+02	9.990351e+02	1.003108e+00	
1  1459.58	2.242558e+00	1.194989e-01	1.041561e+00	6.674061e-02	1.998393e-04	1.124218e+00	2.189185e-09	4.848586e+01	3.321925e-02	2.864744e+00	2.916710e+02	4.371068e+01	2.779835e+01	1.138012e+02	2.774676e+00	8.228762e+00	1.039189e+01	1.774349e+01	9.303071e+01	1.298374e-01	1.355325e-01	3.319725e-01	2.169314e-01	7.513424e-01	2.341381e+00	9.994936e+02	9.990396e+02	1.003109e+00	
1  1459.47	2.242558e+00	1.194989e-01	1.041561e+00	6.674061e-02	1.998393e-04	1.124218e+00	2.189185e-09	4.847601e+01	3.355763e-02	2.863113e+00	2.916516e+02	4.370382e+01	2.781073e+01	1.138222e+02	2.773240e+00	8.233740e+00	1.039683e+01	1.774318e+01	9.303659e+01	1.298825e-01	1.357197e-01	3.319815e-01	2.171990e-01	7.517916e-01	2.341913e+00	9.994931e+02	9.990431e+02	1.003114e+00	
1  1459.46	2.242558e+00	1.194989e-01	1.041561e+00	6.674061e-02	1.998393e-04	1.124218e+00	2.189185e-09	4.846565e+01	3.379297e-02	2.862410e+00	2.916880e+02	4.371930e+01	2.782614e+01	1.138425e+02	2.769526e+00	8.235977e+00	1.040090e+01	1.775049e+01	9.305500e+01	1.298530e-01	1.357561e-01	3.318741e-01	2.172273e-01	7.518278e-01	2.341650e+00	9.994923e+02	9.990437e+02	1.003115e+00	
1  1459.38	2.242558e+00	1.194989e-01	1.041561e+00	6.674061e-02	1.998393e-04	1.124218e+00	2.189185e-09	4.846245e+01	3.443441e-02	2.858929e+00	2.916709e+02	4.371737e+01	2.783020e+01	1.138452e+02	2.772261e+00	8.238223e+00	1.040254e+01	1.774679e+01	9.305049e+01	1.299232e-01	1.358564e-01	3.318868e-01	2.174162e-01	7.521093e-01	2.342031e+00	9.994902e+02	9.990560e+02	1.003119e+00	
1  1459.29	2.242558e+00	1.194989e-01	1.041561e+00	6.674061e-02	1.998393e-04	1.124218e+00	2.189185e-09	4.845147e+01	3.441036e-02	2.860210e+00	2.917039e+02	4.373951e+01	2.785322e+01	1.138743e+02	2.764298e+00	8.242488e+00	1.040612e+01	1.775528e+01	9.307037e+01	1.298641e-01	1.358921e-01	3.316815e-01	2.173589e-01	7.520584e-01	2.341604e+00	9.994914e+02	9.990592e+02	1.003123e+00	
1  1459.37	2.242558e+00	1.194989e-01	1.041561e+00	6.674061e-02	1.998393e-04	1.124218e+00	2.189185e-09	4.845736e+01	3.432461e-02	2.860734e+00	2.916750e+02	4.372442e+01	2.783057e+01	1.138492e+02	2.771967e+00	8.239669e+00	1.040296e+01	1.775245e+01	9.306307e+01	1.298372e-01	1.358322e-01	3.317777e-01	2.173481e-01	7.519546e-01	2.341899e+00	9.994871e+02	9.990595e+02	1.003120e+00	
1  1459.27	2.242558e+00	1.194989e-01	1.041561e+00	6.674061e-02	1.998393e-04	1.124218e+00	2.189185e-09	4.844463e+01	3.456865e-02	2.857834e+00	2.917074e+02	4.371801e+01	2.783185e+01	1.138653e+02	2.769300e+00	8.235372e+00	1.040615e+01	1.775860e+01	9.308038e+01	1.299075e-01	1.358079e-01	3.320870e-01	2.175438e-01	7.522651e-01	2.342296e+00	9.994899e+02	9.990591e+02	1.003123e+00	
1  1459.34	2.242558e+00	1.194989e-01	1.041561e+00	6.674061e-02	1.998393e-04	1.124218e+00	2.189185e-09	4.844609e+01	3.463138e-02	2.857709e+00	2.916973e+02	4.372201e+01	2.783235e+01	1.138634e+02	2.769838e+00	8.236437e+00	1.040534e+01	1.775683e+01	9.307638e+01	1.299061e-01	1.358169e-01	3.319987e-01	2.175498e-01	7.522195e-01	2.342177e+00	9.994848e+02	9.990608e+02	1.003121e+00	
1  1459.1	2.242558e+00	1.194989e-01	1.041561e+00	6.674061e-02	1.998393e-04	1.124218e+00	2.189185e-09	4.843687e+01	3.488532e-02	2.855509e+00	2.916518e+02	4.369356e+01	2.781985e+01	1.138645e+02	2.775178e+00	8.236453e+00	1.040805e+01	1.775598e+01	9.308123e+01	1.299737e-01	1.359179e-01	3.323346e-01	2.178981e-01	7.527287e-01	2.343344e+00	9.994828e+02	9.990578e+02	1.003132e+00	
1  1459.16	2.242558e+00	1.194989e-01	1.041561e+00	6.674061e-02	1.998393e-04	1.124218e+00	2.189185e-09	4.842965e+01	3.481759e-02	2.857731e+00	2.917026e+02	4.371325e+01	2.783085e+01	1.138762e+02	2.771378e+00	8.237419e+00	1.041070e+01	1.776799e+01	9.310175e+01	1.298929e-01	1.358391e-01	3.323161e-01	2.177608e-01	7.524973e-01	2.343066e+00	9.994856e+02	9.990583e+02	1.003129e+00	
1  1459.12	2.242558e+00	1.194989e-01	1.041561e+00	6.674061e-02	1.998393e-04	1.124218e+00	2.189185e-09	4.843839e+01	3.474613e-02	2.857077e+00	2.916974e+02	4.371038e+01	2.783153e+01	1.138682e+02	2.771635e+00	8.236350e+00	1.040938e+01	1.776311e+01	9.308995e+01	1.299275e-01	1.358339e-01	3.323956e-01	2.177355e-01	7.525153e-01	2.343008e+00	9.994861e+02	9.990554e+02	1.003131e+00	
1  1459	2.242558e+00	1.194989e-01	1.041561e+00	6.674061e-02	1.998393e-04	1.124218e+00	2.189185e-09	4.843559e+01	3.483079e-02	2.855630e+00	2.916818e+02	4.370246e+01	2.782834e+01	1.138701e+02	2.773281e+00	8.236129e+00	1.041013e+01	1.776182e+01	9.309006e+01	1.299653e-01	1.358780e-01	3.324984e-01	2.178916e-01	7.527055e-01	2.343247e+00	9.994845e+02	9.990613e+02	1.003137e+00	
1  1458.88	2.242558e+00	1.194989e-01	1.041561e+00	6.674061e-02	1.998393e-04	1.124218e+00	2.189185e-09	4.843896e+01	3.501814e-02	2.853629e+00	2.916447e+02	4.368322e+01	2.781293e+01	1.138575e+02	2.778309e+00	8.235777e+00	1.040743e+01	1.775269e+01	9.307407e+01	1.299937e-01	1.359321e-01	3.325497e-01	2.180605e-01	7.528542e-01	2.343763e+00	9.994836e+02	9.990615e+02	1.003142e+00	
1  1458.71	2.242558e+00	1.194989e-01	1.041561e+00	6.674061e-02	1.998393e-04	1.124218e+00	2.189185e-09	4.843545e+01	3.489720e-02	2.853977e+00	2.916278e+02	4.368103e+01	2.781419e+01	1.138648e+02	2.778127e+00	8.237226e+00	1.040769e+01	1.775146e+01	9.307642e+01	1.299850e-01	1.359827e-01	3.324462e-01	2.180867e-01	7.529131e-01	2.343729e+00	9.994816e+02	9.990620e+02	1.003151e+00	
3  1458.59	2.242558e+00	1.194989e-01	1.041561e+00	6.674061e-02	1.998393e-04	1.124218e+00	2.189185e-09	4.842681e+01	3.525421e-02	2.852569e+00	2.916460e+02	4.369063e+01	2.783253e+01	1.138866e+02	2.774507e+00	8.241475e+00	1.041165e+01	1.775394e+01	9.308588e+01	1.299647e-01	1.360777e-01	3.323928e-01	2.182588e-01	7.530926e-01	2.343879e+00	9.994840e+02	9.990692e+02	1.003156e+00	
1  1455.95	2.243760e+00	1.194940e-01	1.041548e+00	6.687403e-02	1.997013e-04	1.125114e+00	2.190159e-09	4.847587e+01	3.582639e-02	2.853098e+00	2.910764e+02	4.359612e+01	2.774014e+01	1.137509e+02	2.821841e+00	8.245208e+00	1.038805e+01	1.767851e+01	9.294440e+01	1.305091e-01	1.364011e-01	3.316766e-01	2.185039e-01	7.534524e-01	2.345227e+00	9.994867e+02	9.990662e+02	1.003161e+00	
4  1454.1	2.244108e+00	1.194870e-01	1.041531e+00	6.698924e-02	1.995457e-04	1.125834e+00	2.190971e-09	4.851880e+01	3.624857e-02	2.854437e+00	2.906044e+02	4.352130e+01	2.766496e+01	1.136359e+02	2.860533e+00	8.248194e+00	1.036783e+01	1.761620e+01	9.282530e+01	1.309544e-01	1.366425e-01	3.310503e-01	2.186332e-01	7.536587e-01	2.346191e+00	9.994892e+02	9.990632e+02	1.003162e+00	
1  1454.11	2.244108e+00	1.194870e-01	1.041531e+00	6.698924e-02	1.995457e-04	1.125834e+00	2.190971e-09	4.852045e+01	3.608406e-02	2.856474e+00	2.905997e+02	4.352693e+01	2.767084e+01	1.136391e+02	2.857717e+00	8.247386e+00	1.036660e+01	1.761596e+01	9.282420e+01	1.309338e-01	1.366137e-01	3.309488e-01	2.185021e-01	7.535281e-01	2.345782e+00	9.994839e+02	9.990719e+02	1.003162e+00	
1  1454.09	2.244108e+00	1.194870e-01	1.041531e+00	6.698924e-02	1.995457e-04	1.125834e+00	2.190971e-09	4.852516e+01	3.591870e-02	2.856244e+00	2.905821e+02	4.352531e+01	2.766072e+01	1.136302e+02	2.859799e+00	8.246690e+00	1.036297e+01	1.760996e+01	9.281298e+01	1.309278e-01	1.365934e-01	3.307847e-01	2.184591e-01	7.533977e-01	2.345517e+00	9.994891e+02	9.990682e+02	1.003162e+00	
1  1454.08	2.244108e+00	1.194870e-01	1.041531e+00	6.698924e-02	1.995457e-04	1.125834e+00	2.190971e-09	4.852462e+01	3.579222e-02	2.857883e+00	2.905835e+02	4.352871e+01	2.766035e+01	1.136291e+02	2.860860e+00	8.248997e+00	1.036349e+01	1.761211e+01	9.281775e+01	1.308237e-01	1.365977e-01	3.306842e-01	2.184494e-01	7.532536e-01	2.345483e+00	9.994886e+02	9.990724e+02	1.003164e+00	
1  1454.09	2.244108e+00	1.194870e-01	1.041531e+00	6.698924e-02	1.995457e-04	1.125834e+00	2.190971e-09	4.852978e+01	3.552630e-02	2.858754e+00	2.905612e+02	4.352434e+01	2.765206e+01	1.136207e+02	2.861047e+00	8.247291e+00	1.036090e+01	1.760862e+01	9.280953e+01	1.308365e-01	1.365645e-01	3.306116e-01	2.183632e-01	7.531503e-01	2.345254e+00	9.994905e+02	9.990687e+02	1.003163e+00	
1  1454.03	2.244108e+00	1.194870e-01	1.041531e+00	6.698924e-02	1.995457e-04	1.125834e+00	2.190971e-09	4.852310e+01	3.607629e-02	2.856678e+00	2.905580e+02	4.351986e+01	2.765561e+01	1.136267e+02	2.861994e+00	8.247324e+00	1.036302e+01	1.760975e+01	9.281336e+01	1.308681e-01	1.366089e-01	3.308272e-01	2.185697e-01	7.534055e-01	2.345773e+00	9.994938e+02	9.990745e+02	1.003165e+00	
1  1453.78	2.244108e+00	1.194870e-01	1.041531e+00	6.698924e-02	1.995457e-04	1.125834e+00	2.190971e-09	4.851002e+01	3.649688e-02	2.855894e+00	2.905117e+02	4.350276e+01	2.765411e+01	1.136367e+02	2.864151e+00	8.248598e+00	1.036674e+01	1.761268e+01	9.282547e+01	1.309112e-01	1.367229e-01	3.310704e-01	2.188499e-01	7.538355e-01	2.346693e+00	9.994838e+02	9.990747e+02	1.003178e+00	
1  1453.65	2.244108e+00	1.194870e-01	1.041531e+00	6.698924e-02	1.995457e-04	1.125834e+00	2.190971e-09	4.849965e+01	3.652412e-02	2.855756e+00	2.905029e+02	4.349644e+01	2.765534e+01	1.136506e+02	2.862890e+00	8.248980e+00	1.036932e+01	1.761643e+01	9.283792e+01	1.309225e-01	1.367734e-01	3.311787e-01	2.190006e-01	7.540722e-01	2.347077e+00	9.994845e+02	9.990754e+02	1.003184e+00	
1  1453.77	2.244108e+00	1.194870e-01	1.041531e+00	6.698924e-02	1.995457e-04	1.125834e+00	2.190971e-09	4.849790e+01	3.643258e-02	2.856974e+00	2.905160e+02	4.349826e+01	2.765590e+01	1.136511e+02	2.863438e+00	8.249307e+00	1.037030e+01	1.761982e+01	9.284470e+01	1.308686e-01	1.367457e-01	3.312007e-01	2.189669e-01	7.539973e-01	2.347188e+00	9.994826e+02	9.990767e+02	1.003179e+00	
1  1453.8	2.244108e+00	1.194870e-01	1.041531e+00	6.698924e-02	1.995457e-04	1.125834e+00	2.190971e-09	4.850458e+01	3.591265e-02	2.859406e+00	2.905222e+02	4.350401e+01	2.765359e+01	1.136458e+02	2.860749e+00	8.246800e+00	1.036826e+01	1.762047e+01	9.284298e+01	1.308259e-01	1.366697e-01	3.310885e-01	2.187441e-01	7.537320e-01	2.346518e+00	9.994815e+02	9.990716e+02	1.003178e+00	
1  1453.83	2.244108e+00	1.194870e-01	1.041531e+00	6.698924e-02	1.995457e-04	1.125834e+00	2.190971e-09	4.850701e+01	3.590389e-02	2.859108e+00	2.905677e+02	4.352157e+01	2.767099e+01	1.136556e+02	2.856656e+00	8.248624e+00	1.037068e+01	1.762344e+01	9.284554e+01	1.308200e-01	1.366797e-01	3.310256e-01	2.186222e-01	7.536717e-01	2.346071e+00	9.994724e+02	9.990653e+02	1.003179e+00	
1  1453.73	2.244108e+00	1.194870e-01	1.041531e+00	6.698924e-02	1.995457e-04	1.125834e+00	2.190971e-09	4.849760e+01	3.621313e-02	2.856849e+00	2.905439e+02	4.350619e+01	2.766523e+01	1.136626e+02	2.858076e+00	8.246141e+00	1.037097e+01	1.762211e+01	9.284899e+01	1.309077e-01	1.367137e-01	3.312671e-01	2.188645e-01	7.540180e-01	2.346737e+00	9.994656e+02	9.990716e+02	1.003183e+00	
1  1453.71	2.244108e+00	1.194870e-01	1.041531e+00	6.698924e-02	1.995457e-04	1.125834e+00	2.190971e-09	4.849905e+01	3.568614e-02	2.857768e+00	2.905854e+02	4.352247e+01	2.767972e+01	1.136788e+02	2.851172e+00	8.247668e+00	1.037221e+01	1.762416e+01	9.285375e+01	1.308784e-01	1.367175e-01	3.310655e-01	2.187224e-01	7.538869e-01	2.346002e+00	9.994614e+02	9.990785e+02	1.003186e+00	
1  1453.83	2.244108e+00	1.194870e-01	1.041531e+00	6.698924e-02	1.995457e-04	1.125834e+00	2.190971e-09	4.849959e+01	3.596949e-02	2.855732e+00	2.905862e+02	4.352022e+01	2.767431e+01	1.136727e+02	2.853006e+00	8.244806e+00	1.037092e+01	1.762197e+01	9.284847e+01	1.309559e-01	1.366948e-01	3.311226e-01	2.187700e-01	7.539317e-01	2.345926e+00	9.994621e+02	9.990826e+02	1.003179e+00	
1  1453.65	2.244108e+00	1.194870e-01	1.041531e+00	6.698924e-02	1.995457e-04	1.125834e+00	2.190971e-09	4.849942e+01	3.577611e-02	2.854723e+00	2.905382e+02	4.349922e+01	2.766053e+01	1.136666e+02	2.857315e+00	8.245015e+00	1.036969e+01	1.761612e+01	9.284216e+01	1.310092e-01	1.367525e-01	3.312254e-01	2.189318e-01	7.541759e-01	2.346492e+00	9.994645e+02	9.990845e+02	1.003188e+00	
1  1453.66	2.244108e+00	1.194870e-01	1.041531e+00	6.698924e-02	1.995457e-04	1.125834e+00	2.190971e-09	4.850274e+01	3.545853e-02	2.856594e+00	2.905467e+02	4.350379e+01	2.766974e+01	1.136733e+02	2.852018e+00	8.243846e+00	1.036939e+01	1.761647e+01	9.284081e+01	1.310164e-01	1.367214e-01	3.312077e-01	2.188037e-01	7.541339e-01	2.346176e+00	9.994647e+02	9.990857e+02	1.003187e+00	
1  1453.55	2.244108e+00	1.194870e-01	1.041531e+00	6.698924e-02	1.995457e-04	1.125834e+00	2.190971e-09	4.849530e+01	3.590129e-02	2.855151e+00	2.905366e+02	4.350038e+01	2.767313e+01	1.136806e+02	2.851855e+00	8.243367e+00	1.037069e+01	1.761815e+01	9.284667e+01	1.310510e-01	1.367512e-01	3.313710e-01	2.189566e-01	7.543351e-01	2.346572e+00	9.994620e+02	9.990877e+02	1.003192e+00	
1  1453.61	2.244108e+00	1.194870e-01	1.041531e+00	6.698924e-02	1.995457e-04	1.125834e+00	2.190971e-09	4.849505e+01	3.585064e-02	2.855485e+00	2.905523e+02	4.350170e+01	2.766947e+01	1.136776e+02	2.851515e+00	8.239629e+00	1.036977e+01	1.762067e+01	9.284965e+01	1.310526e-01	1.366712e-01	3.314631e-01	2.189266e-01	7.542372e-01	2.346413e+00	9.994603e+02	9.990896e+02	1.003189e+00	
1  1453.8	2.244108e+00	1.194870e-01	1.041531e+00	6.698924e-02	1.995457e-04	1.125834e+00	2.190971e-09	4.850003e+01	3.583697e-02	2.854743e+00	2.906024e+02	4.351205e+01	2.767619e+01	1.136793e+02	2.847170e+00	8.236130e+00	1.036922e+01	1.762197e+01	9.284809e+01	1.310421e-01	1.365976e-01	3.315331e-01	2.188208e-01	7.541248e-01	2.345999e+00	9.994511e+02	9.990860e+02	1.003180e+00	
1  1453.72	2.244108e+00	1.194870e-01	1.041531e+00	6.698924e-02	1.995457e-04	1.125834e+00	2.190971e-09	4.850470e+01	3.600583e-02	2.852188e+00	2.906008e+02	4.350135e+01	2.767165e+01	1.136717e+02	2.850099e+00	8.235740e+00	1.036904e+01	1.761690e+01	9.283764e+01	1.310882e-01	1.366396e-01	3.317055e-01	2.189904e-01	7.543216e-01	2.346355e+00	9.994480e+02	9.990857e+02	1.003184e+00	
1  1453.73	2.244108e+00	1.194870e-01	1.041531e+00	6.698924e-02	1.995457e-04	1.125834e+00	2.190971e-09	4.851367e+01	3.512455e-02	2.856691e+00	2.906110e+02	4.350697e+01	2.767106e+01	1.136686e+02	2.845666e+00	8.233710e+00	1.036621e+01	1.761716e+01	9.283476e+01	1.310072e-01	1.365546e-01	3.315396e-01	2.186988e-01	7.539775e-01	2.345628e+00	9.994488e+02	9.990795e+02	1.003185e+00	
955  1453.82	2.244108e+00	1.194870e-01	1.041531e+00	6.698924e-02	1.995457e-04	1.125834e+00	2.190971e-09	4.850906e+01	3.531097e-02	2.856164e+00	2.906612e+02	4.352263e+01	2.767645e+01	1.136749e+02	2.842124e+00	8.230619e+00	1.036666e+01	1.762437e+01	9.284664e+01	1.310046e-01	1.364539e-01	3.315492e-01	2.185702e-01	7.538030e-01	2.345224e+00	9.994541e+02	9.990778e+02	1.003178e+00	
1  1452.78	2.245513e+00	1.194552e-01	1.041526e+00	6.751659e-02	1.984635e-04	1.128549e+00	2.194360e-09	4.870950e+01	3.648170e-02	2.871352e+00	2.887267e+02	4.325367e+01	2.738313e+01	1.131761e+02	2.994969e+00	8.241705e+00	1.027674e+01	1.737109e+01	9.233841e+01	1.327681e-01	1.371566e-01	3.286288e-01	2.183061e-01	7.536594e-01	2.347535e+00	9.994667e+02	9.990597e+02	1.003150e+00	
4  1447.23	2.246002e+00	1.194202e-01	1.041521e+00	6.789343e-02	1.974379e-04	1.130110e+00	2.196574e-09	4.885620e+01	3.681288e-02	2.888335e+00	2.874878e+02	4.310960e+01	2.720636e+01	1.128360e+02	3.088573e+00	8.247942e+00	1.021388e+01	1.721043e+01	9.199787e+01	1.338513e-01	1.373923e-01	3.264938e-01	2.175428e-01	7.528274e-01	2.347788e+00	9.994766e+02	9.990438e+02	1.003109e+00	
1  1447.26	2.246002e+00	1.194202e-01	1.041521e+00	6.789343e-02	1.974379e-04	1.130110e+00	2.196574e-09	4.884908e+01	3.674554e-02	2.889336e+00	2.875197e+02	4.313006e+01	2.722192e+01	1.128554e+02	3.082920e+00	8.250074e+00	1.021557e+01	1.721630e+01	9.201237e+01	1.337991e-01	1.373857e-01	3.262614e-01	2.174633e-01	7.526804e-01	2.347209e+00	9.994730e+02	9.990326e+02	1.003108e+00	
1  1447.32	2.246002e+00	1.194202e-01	1.041521e+00	6.789343e-02	1.974379e-04	1.130110e+00	2.196574e-09	4.885340e+01	3.708564e-02	2.886953e+00	2.875253e+02	4.313009e+01	2.721992e+01	1.128455e+02	3.085812e+00	8.249293e+00	1.021538e+01	1.721428e+01	9.200562e+01	1.338520e-01	1.373864e-01	3.263675e-01	2.175314e-01	7.527340e-01	2.347324e+00	9.994737e+02	9.990296e+02	1.003104e+00	
1  1447.55	2.246002e+00	1.194202e-01	1.041521e+00	6.789343e-02	1.974379e-04	1.130110e+00	2.196574e-09	4.885830e+01	3.707981e-02	2.887663e+00	2.875000e+02	4.312802e+01	2.721077e+01	1.128302e+02	3.090090e+00	8.249503e+00	1.021269e+01	1.721146e+01	9.199723e+01	1.338391e-01	1.373464e-01	3.263440e-01	2.175006e-01	7.525800e-01	2.347322e+00	9.994714e+02	9.990248e+02	1.003092e+00	
1  1447.51	2.246002e+00	1.194202e-01	1.041521e+00	6.789343e-02	1.974379e-04	1.130110e+00	2.196574e-09	4.885630e+01	3.686786e-02	2.888445e+00	2.875131e+02	4.312688e+01	2.720887e+01	1.128327e+02	3.089106e+00	8.248123e+00	1.021298e+01	1.721449e+01	9.200384e+01	1.338179e-01	1.373072e-01	3.263902e-01	2.174696e-01	7.525495e-01	2.347215e+00	9.994643e+02	9.990220e+02	1.003096e+00	
1  1447.56	2.246002e+00	1.194202e-01	1.041521e+00	6.789343e-02	1.974379e-04	1.130110e+00	2.196574e-09	4.886171e+01	3.623715e-02	2.891103e+00	2.874846e+02	4.311299e+01	2.719607e+01	1.128223e+02	3.091002e+00	8.247399e+00	1.020978e+01	1.721055e+01	9.199591e+01	1.337816e-01	1.372750e-01	3.264487e-01	2.174672e-01	7.524589e-01	2.347378e+00	9.994575e+02	9.990194e+02	1.003095e+00	
1  1447.45	2.246002e+00	1.194202e-01	1.041521e+00	6.789343e-02	1.974379e-04	1.130110e+00	2.196574e-09	4.885648e+01	3.616483e-02	2.891123e+00	2.875068e+02	4.311301e+01	2.720415e+01	1.128357e+02	3.086937e+00	8.245887e+00	1.021247e+01	1.721518e+01	9.200676e+01	1.337873e-01	1.372706e-01	3.265849e-01	2.174933e-01	7.525608e-01	2.347347e+00	9.994553e+02	9.990180e+02	1.003100e+00	
1  1447.46	2.246002e+00	1.194202e-01	1.041521e+00	6.789343e-02	1.974379e-04	1.130110e+00	2.196574e-09	4.886058e+01	3.656564e-02	2.888757e+00	2.875150e+02	4.311103e+01	2.720802e+01	1.128314e+02	3.088420e+00	8.246323e+00	1.021352e+01	1.721238e+01	9.199806e+01	1.338489e-01	1.373200e-01	3.267122e-01	2.175722e-01	7.527299e-01	2.347646e+00	9.994605e+02	9.990109e+02	1.003099e+00	
1  1447.31	2.246002e+00	1.194202e-01	1.041521e+00	6.789343e-02	1.974379e-04	1.130110e+00	2.196574e-09	4.885510e+01	3.646783e-02	2.889681e+00	2.874494e+02	4.309160e+01	2.720067e+01	1.128338e+02	3.092289e+00	8.249999e+00	1.021407e+01	1.720809e+01	9.199733e+01	1.338391e-01	1.374381e-01	3.267059e-01	2.177803e-01	7.529730e-01	2.348387e+00	9.994546e+02	9.990113e+02	1.003108e+00	
3  1447.35	2.246002e+00	1.194202e-01	1.041521e+00	6.789343e-02	1.974379e-04	1.130110e+00	2.196574e-09	4.885522e+01	3.675500e-02	2.887745e+00	2.875006e+02	4.310767e+01	2.720885e+01	1.128381e+02	3.089422e+00	8.249290e+00	1.021398e+01	1.721084e+01	9.199932e+01	1.338409e-01	1.373784e-01	3.266762e-01	2.176905e-01	7.528736e-01	2.348000e+00	9.994508e+02	9.990019e+02	1.003106e+00	
2  1447.51	2.246002e+00	1.194202e-01	1.041521e+00	6.789343e-02	1.974379e-04	1.130110e+00	2.196574e-09	4.885831e+01	3.688096e-02	2.888342e+00	2.875534e+02	4.312676e+01	2.720761e+01	1.128279e+02	3.088929e+00	8.247001e+00	1.021351e+01	1.721789e+01	9.200653e+01	1.337592e-01	1.372478e-01	3.265677e-01	2.174880e-01	7.524873e-01	2.347444e+00	9.994534e+02	9.989995e+02	1.003097e+00	
1  1447.55	2.246002e+00	1.194202e-01	1.041521e+00	6.789343e-02	1.974379e-04	1.130110e+00	2.196574e-09	4.885773e+01	3.692319e-02	2.887874e+00	2.876110e+02	4.313630e+01	2.721389e+01	1.128313e+02	3.085913e+00	8.244313e+00	1.021421e+01	1.722279e+01	9.201417e+01	1.337285e-01	1.371629e-01	3.266826e-01	2.174628e-01	7.523905e-01	2.347249e+00	9.994550e+02	9.990059e+02	1.003095e+00	
1  1447.51	2.246002e+00	1.194202e-01	1.041521e+00	6.789343e-02	1.974379e-04	1.130110e+00	2.196574e-09	4.886524e+01	3.630892e-02	2.890892e+00	2.875982e+02	4.314376e+01	2.721727e+01	1.128306e+02	3.082689e+00	8.245137e+00	1.021110e+01	1.721870e+01	9.200595e+01	1.336895e-01	1.371312e-01	3.263958e-01	2.172599e-01	7.521101e-01	2.346544e+00	9.994544e+02	9.990061e+02	1.003098e+00	
1  1447.45	2.246002e+00	1.194202e-01	1.041521e+00	6.789343e-02	1.974379e-04	1.130110e+00	2.196574e-09	4.886082e+01	3.633306e-02	2.890889e+00	2.875991e+02	4.314911e+01	2.721776e+01	1.128355e+02	3.083545e+00	8.248022e+00	1.021214e+01	1.722019e+01	9.201213e+01	1.336315e-01	1.371651e-01	3.262174e-01	2.172759e-01	7.520461e-01	2.346451e+00	9.994521e+02	9.990041e+02	1.003102e+00	
1  1447.44	2.246002e+00	1.194202e-01	1.041521e+00	6.789343e-02	1.974379e-04	1.130110e+00	2.196574e-09	4.885560e+01	3.663025e-02	2.890898e+00	2.875545e+02	4.315173e+01	2.722865e+01	1.128465e+02	3.084632e+00	8.254887e+00	1.021464e+01	1.721759e+01	9.201226e+01	1.336352e-01	1.373209e-01	3.259895e-01	2.173804e-01	7.522290e-01	2.346631e+00	9.994511e+02	9.990026e+02	1.003104e+00	
1  1447.17	2.246002e+00	1.194202e-01	1.041521e+00	6.789343e-02	1.974379e-04	1.130110e+00	2.196574e-09	4.884935e+01	3.692432e-02	2.888391e+00	2.875591e+02	4.315596e+01	2.723937e+01	1.128643e+02	3.081561e+00	8.257120e+00	1.021752e+01	1.721664e+01	9.201566e+01	1.336626e-01	1.374335e-01	3.258838e-01	2.175049e-01	7.524785e-01	2.346586e+00	9.994518e+02	9.989992e+02	1.003118e+00	
1  1447.22	2.246002e+00	1.194202e-01	1.041521e+00	6.789343e-02	1.974379e-04	1.130110e+00	2.196574e-09	4.884439e+01	3.674317e-02	2.890600e+00	2.876242e+02	4.317114e+01	2.724987e+01	1.128761e+02	3.075902e+00	8.257397e+00	1.022103e+01	1.722928e+01	9.203740e+01	1.335237e-01	1.373643e-01	3.259171e-01	2.173852e-01	7.522803e-01	2.346376e+00	9.994523e+02	9.990008e+02	1.003115e+00	
1  1447.21	2.246002e+00	1.194202e-01	1.041521e+00	6.789343e-02	1.974379e-04	1.130110e+00	2.196574e-09	4.884157e+01	3.708924e-02	2.889483e+00	2.876619e+02	4.318749e+01	2.725884e+01	1.128801e+02	3.076160e+00	8.258696e+00	1.022252e+01	1.723361e+01	9.204362e+01	1.335146e-01	1.373318e-01	3.258887e-01	2.173422e-01	7.521816e-01	2.346191e+00	9.994490e+02	9.989968e+02	1.003117e+00	
